
Your list after removing the multiples of 68: 
1  2  3  4  5  6  7  8  9  10  11  12  13  14  15  16  17  18  19  20  21  22  23  24  25  26  27  28  29  30  31  32  33  34  35  36  37  38  39  40  41  42  43  44  45  46  47  48  49  50  51  52  53  54  55  56  57  58  59  60  61  62  63  64  65  66  67  68  69  70  71  72  73  74  75  76  77  78  79  80  81  82  83  84  85  86  87  88  89  90  91  92  93  94  95  96  97  98  99  100  101  102  103  104  105  106  107  108  109  110  111  112  113  114  115  116  117  118  119  120  121  122  123  124  125  126  127  128  129  130  131  132  133  134  135  137  138  139  140  141  142  143  144  145  146  147  148  149  150  151  152  153  154  155  156  157  158  159  160  161  162  163  164  165  166  167  168  169  170  171  172  173  174  175  176  177  178  179  180  181  182  183  184  185  186  187  188  189  190  191  192  193  194  195  196  197  198  199  200  201  202  203  205  206  207  208  209  210  211  212  213  214  215  216  217  218  219  220  221  222  223  224  225  226  227  228  229  230  231  232  233  234  235  236  237  238  239  240  241  242  243  244  245  246  247  248  249  250  251  252  253  254  255  256  257  258  259  260  261  262  263  264  265  266  267  268  269  270  271  273  274  275  276  277  278  279  280  281  282  283  284  285  286  287  288  289  290  291  292  293  294  295  296  297  298  299  300  301  302  303  304  305  306  307  308  309  310  311  312  313  314  315  316  317  318  319  320  321  322  323  324  325  326  327  328  329  330  331  332  333  334  335  336  337  338  339  341  342  343  344  345  346  347  348  349  350  351  352  353  354  355  356  357  358  359  360  361  362  363  364  365  366  367  368  369  370  371  372  373  374  375  376  377  378  379  380  381  382  383  384  385  386  387  388  389  390  391  392  393  394  395  396  397  398  399  400  401  402  403  404  405  406  407  409  410  411  412  413  414  415  416  417  418  419  420  421  422  423  424  425  426  427  428  429  430  431  432  433  434  435  436  437  438  439  440  441  442  443  444  445  446  447  448  449  450  451  452  453  454  455  456  457  458  459  460  461  462  463  464  465  466  467  468  469  470  471  472  473  474  475  477  478  479  480  481  482  483  484  485  486  487  488  489  490  491  492  493  494  495  496  497  498  499  500  501  502  503  504  505  506  507  508  509  510  511  512  513  514  515  516  517  518  519  520  521  522  523  524  525  526  527  528  529  530  531  532  533  534  535  536  537  538  539  540  541  542  543  545  546  547  548  549  550  551  552  553  554  555  556  557  558  559  560  561  562  563  564  565  566  567  568  569  570  571  572  573  574  575  576  577  578  579  580  581  582  583  584  585  586  587  588  589  590  591  592  593  594  595  596  597  598  599  600  601  602  603  604  605  606  607  608  609  610  611  613  614  615  616  617  618  619  620  621  622  623  624  625  626  627  628  629  630  631  632  633  634  635  636  637  638  639  640  641  642  643  644  645  646  647  648  649  650  651  652  653  654  655  656  657  658  659  660  661  662  663  664  665  666  667  668  669  670  671  672  673  674  675  676  677  678  679  681  682  683  684  685  686  687  688  689  690  691  692  693  694  695  696  697  698  699  700  701  702  703  704  705  706  707  708  709  710  711  712  713  714  715  716  717  718  719  720  721  722  723  724  725  726  727  728  729  730  731  732  733  734  735  736  737  738  739  740  741  742  743  744  745  746  747  749  750  751  752  753  754  755  756  757  758  759  760  761  762  763  764  765  766  767  768  769  770  771  772  773  774  775  776  777  778  779  780  781  782  783  784  785  786  787  788  789  790  791  792  793  794  795  796  797  798  799  800  801  802  803  804  805  806  807  808  809  810  811  812  813  814  815  817  818  819  820  821  822  823  824  825  826  827  828  829  830  831  832  833  834  835  836  837  838  839  840  841  842  843  844  845  846  847  848  849  850  851  852  853  854  855  856  857  858  859  860  861  862  863  864  865  866  867  868  869  870  871  872  873  874  875  876  877  878  879  880  881  882  883  885  886  887  888  889  890  891  892  893  894  895  896  897  898  899  900  901  902  903  904  905  906  907  908  909  910  911  912  913  914  915  916  917  918  919  920  921  922  923  924  925  926  927  928  929  930  931  932  933  934  935  936  937  938  939  940  941  942  943  944  945  946  947  948  949  950  951  953  954  955  956  957  958  959  960  961  962  963  964  965  966  967  968  969  970  971  972  973  974  975  976  977  978  979  980  981  982  983  984  985  986  987  988  989  990  991  992  993  994  995  996  997  998  999  1000  

The resulted sets are: 

M1:  1  68  69  137  205  273  341  409  477  545  613  681  749  817  885  953  
M2:  2  70  138  206  274  342  410  478  546  614  682  750  818  886  954  
M3:  3  71  139  207  275  343  411  479  547  615  683  751  819  887  955  
M4:  4  72  140  208  276  344  412  480  548  616  684  752  820  888  956  
M5:  5  73  141  209  277  345  413  481  549  617  685  753  821  889  957  
M6:  6  74  142  210  278  346  414  482  550  618  686  754  822  890  958  
M7:  7  75  143  211  279  347  415  483  551  619  687  755  823  891  959  
M8:  8  76  144  212  280  348  416  484  552  620  688  756  824  892  960  
M9:  9  77  145  213  281  349  417  485  553  621  689  757  825  893  961  
M10:  10  78  146  214  282  350  418  486  554  622  690  758  826  894  962  
M11:  11  79  147  215  283  351  419  487  555  623  691  759  827  895  963  
M12:  12  80  148  216  284  352  420  488  556  624  692  760  828  896  964  
M13:  13  81  149  217  285  353  421  489  557  625  693  761  829  897  965  
M14:  14  82  150  218  286  354  422  490  558  626  694  762  830  898  966  
M15:  15  83  151  219  287  355  423  491  559  627  695  763  831  899  967  
M16:  16  84  152  220  288  356  424  492  560  628  696  764  832  900  968  
M17:  17  85  153  221  289  357  425  493  561  629  697  765  833  901  969  
M18:  18  86  154  222  290  358  426  494  562  630  698  766  834  902  970  
M19:  19  87  155  223  291  359  427  495  563  631  699  767  835  903  971  
M20:  20  88  156  224  292  360  428  496  564  632  700  768  836  904  972  
M21:  21  89  157  225  293  361  429  497  565  633  701  769  837  905  973  
M22:  22  90  158  226  294  362  430  498  566  634  702  770  838  906  974  
M23:  23  91  159  227  295  363  431  499  567  635  703  771  839  907  975  
M24:  24  92  160  228  296  364  432  500  568  636  704  772  840  908  976  
M25:  25  93  161  229  297  365  433  501  569  637  705  773  841  909  977  
M26:  26  94  162  230  298  366  434  502  570  638  706  774  842  910  978  
M27:  27  95  163  231  299  367  435  503  571  639  707  775  843  911  979  
M28:  28  96  164  232  300  368  436  504  572  640  708  776  844  912  980  
M29:  29  97  165  233  301  369  437  505  573  641  709  777  845  913  981  
M30:  30  98  166  234  302  370  438  506  574  642  710  778  846  914  982  
M31:  31  99  167  235  303  371  439  507  575  643  711  779  847  915  983  
M32:  32  100  168  236  304  372  440  508  576  644  712  780  848  916  984  
M33:  33  101  169  237  305  373  441  509  577  645  713  781  849  917  985  
M34:  34  102  170  238  306  374  442  510  578  646  714  782  850  918  986  
M35:  35  103  171  239  307  375  443  511  579  647  715  783  851  919  987  
M36:  36  104  172  240  308  376  444  512  580  648  716  784  852  920  988  
M37:  37  105  173  241  309  377  445  513  581  649  717  785  853  921  989  
M38:  38  106  174  242  310  378  446  514  582  650  718  786  854  922  990  
M39:  39  107  175  243  311  379  447  515  583  651  719  787  855  923  991  
M40:  40  108  176  244  312  380  448  516  584  652  720  788  856  924  992  
M41:  41  109  177  245  313  381  449  517  585  653  721  789  857  925  993  
M42:  42  110  178  246  314  382  450  518  586  654  722  790  858  926  994  
M43:  43  111  179  247  315  383  451  519  587  655  723  791  859  927  995  
M44:  44  112  180  248  316  384  452  520  588  656  724  792  860  928  996  
M45:  45  113  181  249  317  385  453  521  589  657  725  793  861  929  997  
M46:  46  114  182  250  318  386  454  522  590  658  726  794  862  930  998  
M47:  47  115  183  251  319  387  455  523  591  659  727  795  863  931  999  
M48:  48  116  184  252  320  388  456  524  592  660  728  796  864  932  1000  
M49:  49  117  185  253  321  389  457  525  593  661  729  797  865  933  
M50:  50  118  186  254  322  390  458  526  594  662  730  798  866  934  
M51:  51  119  187  255  323  391  459  527  595  663  731  799  867  935  
M52:  52  120  188  256  324  392  460  528  596  664  732  800  868  936  
M53:  53  121  189  257  325  393  461  529  597  665  733  801  869  937  
M54:  54  122  190  258  326  394  462  530  598  666  734  802  870  938  
M55:  55  123  191  259  327  395  463  531  599  667  735  803  871  939  
M56:  56  124  192  260  328  396  464  532  600  668  736  804  872  940  
M57:  57  125  193  261  329  397  465  533  601  669  737  805  873  941  
M58:  58  126  194  262  330  398  466  534  602  670  738  806  874  942  
M59:  59  127  195  263  331  399  467  535  603  671  739  807  875  943  
M60:  60  128  196  264  332  400  468  536  604  672  740  808  876  944  
M61:  61  129  197  265  333  401  469  537  605  673  741  809  877  945  
M62:  62  130  198  266  334  402  470  538  606  674  742  810  878  946  
M63:  63  131  199  267  335  403  471  539  607  675  743  811  879  947  
M64:  64  132  200  268  336  404  472  540  608  676  744  812  880  948  
M65:  65  133  201  269  337  405  473  541  609  677  745  813  881  949  
M66:  66  134  202  270  338  406  474  542  610  678  746  814  882  950  
M67:  67  135  203  271  339  407  475  543  611  679  747  815  883  951  

The prime numbers are: 
  1    7    137    409    211    613    347    953    619    823  


  3    71    139    479    547    683    751    887    11    281    79    283    419    487    691    349    827  


  13  
  149    353    421    83    151    491    967  
  557    761    829  

  19    223    359    563    631    971  
  17  

  2  
  757  


  5    23    73    277    617    821  
  227    431    499    839    907  


  29    97    233    641    709  
  89    157    293    701    769  
  229    433    569    773    977  


  163    367    503    571    911  

  31  
  101    373    509    577  

  103    239    307    443    647    919  


  37    173    241    853  
  41    109    313    449    653    857  

  107    311    379    719    787    991  
  113    181    317    521    929    997  


  47    43    251    179    523    383    659    727    587    863  
  859  



  389    457    593    661    797  


  53    257    191    461    733    937  
  463    599  



  59    127    263  
  331    467    739  
  193    397    61    601    941  
  197    401    673    809    877  

  131    199    607    743    811    947  

  67    271    883  

  269    337    541    677    881  


  167    439    643    983  
