
Interval 1: [1, 36]
Interval 2: [37, 110]
Interval 3: [111, 145]
Interval 4: [146, 180]
Interval 5: [181, 215]
Interval 6: [216, 250]
Interval 7: [251, 285]
Interval 8: [286, 320]
Interval 9: [321, 355]
Interval 10: [356, 390]
Interval 11: [391, 425]
Interval 12: [426, 460]
Interval 13: [461, 495]
Interval 14: [496, 530]
Interval 15: [531, 565]
Interval 16: [566, 600]
Interval 17: [601, 635]
Interval 18: [636, 670]
Interval 19: [671, 705]
Interval 20: [706, 740]
Interval 21: [741, 775]
Interval 22: [776, 810]
Interval 23: [811, 845]
Interval 24: [846, 880]
Interval 25: [881, 915]
Interval 26: [916, 950]
Interval 27: [951, 985]
Interval 28: [986, 1020]
Interval 29: [1021, 1055]
Interval 30: [1056, 1090]
Interval 31: [1091, 1125]
Interval 32: [1126, 1160]
Interval 33: [1161, 1195]
Interval 34: [1196, 1230]
Interval 35: [1231, 1265]
Interval 36: [1266, 1300]
Interval 37: [1301, 1335]
Interval 38: [1336, 1370]
Interval 39: [1371, 1405]
Interval 40: [1406, 1440]
Interval 41: [1441, 1475]
Interval 42: [1476, 1510]
Interval 43: [1511, 1545]
Interval 44: [1546, 1580]
Interval 45: [1581, 1615]
Interval 46: [1616, 1650]
Interval 47: [1651, 1685]
Interval 48: [1686, 1720]
Interval 49: [1721, 1755]
Interval 50: [1756, 1790]
Interval 51: [1791, 1825]
Interval 52: [1826, 1860]
Interval 53: [1861, 1895]
Interval 54: [1896, 1930]
Interval 55: [1931, 1965]
Interval 56: [1966, 2000]

The prime numbers corresponding to each thread: 
  37    41    43    47    53    59    61    67    71    73    79    83    89    97    101    103    107    109  
  113    127    131    137    139  
  1    2    3    5    7    11    13    17    19    23    29    31  
  919    929    937    941    947  
  991    997    1009    1013    1019  
  1021    1031    1033    1039    1049    1051  
  1091    1093    1097    1103    1109    1117    1123  
  881    883    887    907    911  
  953    967    971    977    983  
  1061    1063    1069    1087  
  1129    1151    1153  
  811    821    823    827    829    839  
  787    797    809  
  743    751    757    761    769    773  
  853    857    859    863    877  
  709    719    727    733    739  
  569    571    577    587    593    599  
  641    643    647    653    659    661  
  673    677    683    691    701  
  541    547    557    563  
  601    607    613    617    619    631  
  499    503    509    521    523  
  461    463    467    479    487    491  
  397    401    409    419    421  
  431    433    439    443    449    457  
  359    367    373    379    383    389  
  331    337    347    349    353  
  251    257    263    269    271    277    281    283  
  293    307    311    313    317  
  223    227    229    233    239    241  
  181    191    149    193    151    157    163    167    173    197    199    179    211  

  1231    1237    1249    1259  
  1201    1213    1217    1223    1229  
  1163    1171    1181    1187    1193  
  1901    1907    1913  
  1973    1979    1987    1993    1997    1999  
  1931    1933    1949    1951  
  1861    1867    1871    1873    1877    1879    1889  
  1693    1697    1699    1709  
  1619    1621    1627    1637  
  1831    1847  
  1657    1663    1667    1669  
  1801    1811    1823  
  1759    1777    1783    1787    1789  
  1511    1523    1531    1543  
  1361    1367  
  1301    1303    1307    1319    1321    1327  
  1721    1723    1733    1741    1747    1753  
  1373    1381    1399  
  1409    1423    1427    1429    1433    1439  
  1277    1279    1283    1289    1291    1297  
  1447    1451    1453    1459    1471  
  1481    1483    1487    1489    1493    1499  
  1549    1553    1559    1567    1571    1579  
  1583    1597    1601    1607    1609    1613  
